# Created by Octave 3.4.3, Tue Feb 23 15:22:23 2016 MSK <oracle@qbymsqvdc001.localdomain>
# name: all_theta
# type: matrix
# rows: 10
# columns: 401
 -3.141727802052282 0 0 7.922533499128139e-05 -0.0007319825516766016 -0.0007979441338014138 0.001258221383631081 -0.0157815324985353 -0.0006667719449530176 0.0004935780846086868 0.0004653302985329572 7.288957200867044e-05 0.0003489765392864332 0.001547999312955726 0.001377453815528256 0.003915124361642166 0.005140683000317965 0.0004337789222057645 -7.324480981977171e-05 -9.57720156610758e-08 0 -1.733169488259799e-08 8.848987079712813e-06 -0.00100776485604203 0.008318970141457079 0.009556055717505481 0.001845830455014377 -0.0212235856997015 2.349612238059301e-05 3.474566249980374e-05 -0.009076520622400889 -0.001177049087683278 -0.003828966871615319 -0.01682800856078454 -0.01005077499323937 -0.03533047964668112 -0.04826654872214068 0.005382400647424886 0.008595066426307732 0.0003096943468659582 0.000161083639366746 1.402179922061544e-07 -0.000253930846598045 0.0002897858445017778 0.02379778225504909 0.05769997941607462 0.08491712412706172 0.08391232817934098 -0.05387292832444808 -0.08137340494233301 -0.02267129251142626 -0.03535057102871711 -0.004974978965415255 -0.05264771877332006 -0.1543421476728568 -0.2547677391940059 -0.1991421045179068 -0.04321895080821542 0.04559228075411124 0.0005817748003720623 -0.0004019350185047904 7.064722882797527e-07 0.001172082913649774 0.004549250361206071 -0.1481256472651808 -0.5399188021202124 -0.8554078505007505 -1.165656740517498 -0.6869840637827029 -0.7495479176635008 -0.06772888677068473 0.3029949420955953 -0.1019200183739404 -0.00920970294360696 -0.4948921816662044 -0.6552866623695421 -0.9758096097514264 -1.301185899861474 -1.249505014437547 -0.03122072337131835 -0.0162260979188618 1.561852491887103e-06 0.006048469650501201 -0.04676840235047779 -0.1333127305767059 -0.3824966391716003 -2.705958641442246 -2.100004995659897 0.006312275086813421 1.266614520119438 1.879857901501399 0.01806007467500378 -0.4564693976917463 0.04947635040869314 -1.014444162418626 -1.015818046569073 1.668654302452982 0.1987352526426693 -1.155196702695084 -0.2224303181118218 -0.03696002992966915 -1.813091447642108e-05 -0.01422656636418488 -0.1143518446677447 1.423467516152491 0.1091404691914613 -0.7573887668961153 -1.376531811290908 -0.7434072682578139 2.120500006940449 1.396600987242196 -1.838863618279397 -1.145641541917424 -0.1737602945801347 -1.542158951948743 -1.530797507367484 3.544923023637824 0.879521916725871 -2.939060411922132 -0.6405878395016475 -0.04235120775708302 -0.0001453171205150718 0.0128452534885164 -0.7304347057130711 -0.327884558379204 -0.5398208745420225 -1.350628452468369 -0.6293268643760408 -0.9496640124233455 -0.5512599476105822 -1.086797380942681 -0.9221040826808367 -0.6314288809641658 -0.2280604594565827 -0.8923210378761434 -1.72947262111546 -1.734320593509254 -0.04908853918660688 -1.674609212942412 -1.04877201693018 -0.02743327301494533 -0.0007497162735720097 0.0443191359128852 -1.453815935764761 -2.505352665166819 -0.8551527358602757 -1.040623032180692 0.03994109998753469 -0.7399259804925314 0.6602713427596446 -2.149319771008043 -2.159526783043943 -1.146158991756197 -2.172448031267991 1.248657466061449 2.062592231075441 -0.7920433426016883 -0.1046417012941527 -0.03593404682837661 -2.316903795276019 -0.002724102305456391 0.01821447964849569 -0.2234709823344545 -1.124719826331719 -0.5522619515625964 -1.748622614964523 -1.289125079563414 0.1837449875778445 0.1176387218184847 -0.3934691707444468 -2.082336659081895 -0.4924623264584087 0.5346208938925545 -0.8529697502915405 -1.804815393949486 0.4961210619797845 -0.1532987571671031 -0.954746920106419 -1.497155600313221 -2.732946348885487 -0.4101613561672451 0.03757957944259756 -0.4272099457776292 -0.2081736600643114 -0.6502293427998566 -0.8355642593107924 -0.4095728538206802 -0.2591543227072237 0.1663030084915418 0.4516403746328479 0.5257147213687517 1.096589816922535 0.6791145840807223 0.8902725946211139 0.6562276546581972 0.1441793516280583 -1.387020704883568 -0.2327583298956752 -0.2958799131558417 -1.99863131090314 -0.1179974957818689 0.02451320778393561 -0.2346794584765907 0.6643638029649337 -1.2913846791124 -2.203200918752283 0.2959581464077297 -0.3649634449784064 0.5954295102280797 2.873477824444335 2.882680596055979 1.979815241250577 2.229644582807174 0.002925232798291245 1.233940202341963 -0.006398048573943843 0.1063356416306952 -0.2570132964571989 -1.506889451214696 -1.53923589674977 0.04003583964628707 0.00728998581082254 -0.148279747224501 0.4673071825133294 2.001465606829648 0.530473348908068 -0.5770886309607294 -0.8915114798899763 1.777352238615922 1.305066016615644 0.4812068073247203 -0.8739094725242416 0.1525333751438719 -1.825373508668946 -1.131326347565033 0.5942568380417974 0.8163880071994356 0.7709148883926055 -2.554032248104953 -1.698800450930308 -0.05639110565801465 0.02044669575680474 -0.1765530508672344 -2.131054471351391 -2.550851132376067 -1.403955001634967 -1.9727279521661 -0.4679491433877239 0.002038048226430608 0.1325844498327851 0.1370428716488742 0.8532692738705976 1.03351853114485 -0.9108421145952874 -0.74507381825792 -1.094424854607461 -1.097418182652869 2.061753623928131 0.6334898972178747 -0.8097392228767616 -0.1077187607027971 0.01645754558018485 -0.2228893677433476 -0.8640637715704974 1.323812337941422 0.6437724396984066 1.737995135604052 -0.8266054192148531 -1.194761648176591 1.116995837749174 -1.318446566869892 -1.233243866560113 -2.302178942340039 -1.206563864698229 1.203485721372143 1.532782741093201 -0.7783189384287197 1.119811913312031 0.3332455048509249 -0.6722850862563654 -0.03356914824788719 0.002387428837548851 -0.01634028938220206 -0.5018787187098829 -0.5434706907701609 -0.1572059567107141 -0.4966536166293297 -1.044618942050551 -0.7563990172967621 -2.18692103244978 -1.962334818516756 -1.034011607856947 -1.796121239682111 -1.244596641704659 1.722472908725567 -0.8001318722542284 -0.2890394419735376 1.954405729308397 -1.06585794174629 -0.5939624540721697 -0.0348775425475052 -0.0001440338815884327 0.01485168503913959 -0.143053703514309 -1.07155612300429 -1.007418179903541 0.8541904970570582 -0.4065496064618698 -1.385559086822643 -1.140132771532041 -0.8563823094997648 -1.1889001407954 -1.532237590434287 -1.43933830992338 -1.270371836852229 -0.5999717809503338 0.4913466440784884 0.1128133731620948 -1.25355498333122 -0.01430616958354396 -0.007325433652993502 -1.231975754970772e-05 -0.01151190380696004 0.07953826901795276 0.6339033667576977 -0.8862563230899548 -0.9486187668219717 -1.147701582289442 -0.8998788518142443 -0.4306182497577621 -0.3024598719735027 -0.1831933398466753 -0.3154373894663692 -0.8287281367607447 0.2333460602581107 0.7138690953242846 0.173565255922812 -0.517036732536747 -0.3813675724726415 -0.01395324292780804 -0.005682269647143715 1.001493009264455e-05 -0.005538027624487902 0.03807074920522855 0.3336466893864421 -0.8852889715861264 -1.277071820567005 -0.6811563607298528 -0.01256011959700935 -0.02306602505713428 -0.2533911947657681 -0.04336149547167224 -0.1149023583233176 -0.3176663665739561 0.4588777307776629 2.194957280292481 2.414954523845851 0.5591115885601866 -0.1967363928531274 -0.01319835415360847 0.0003675623810390154 -3.5030447929975e-07 0.0007367226416300975 0.002383702940854571 -0.09128938860026818 -0.3411305518576858 -0.1382596977102561 -0.1610972807168896 0.5751592973304124 0.4329255455759459 -0.1195210249677128 0.2318775517253109 0.02800008546328729 -0.1013785760182425 -0.004899880497360771 0.46939547180528 1.528904141606946 0.3998567705267346 -0.04081677309344203 0.0007709559204284494 6.512397397894451e-05 0 -4.291932161924155e-05 0.001059485297097834 -0.005615095144156715 0.006751947323619442 -0.005938058335859126 0.005493075249030913 -0.05536187602533147 -0.0489810011092749 0.003738614098289442 0.04117824263438259 0.001709844094743563 0.05470426719552604 0.2929329447861825 -0.01321652839908577 -0.1393142454980797 -0.03478317071819007 